25559972023131738508121299368144139376994055717069466294672394303691341524350
20760672511273111436031607478203867252516867322583024030180658141241094727213
24024764362586443365226818749587835381988181144903645659952676862683994242948
19939393904126017116213989132988312216306036070866430407167846909050362643455
19810223960505989611455578470108514181437478500234797856535291027937601903206
22898528117916304601112472950358279222836571966231411572615365308700043264003
19082547461365257989754610944388972548838639526507810251882331894587283089204
20696298555194909516796590145997013089680037709990498325573607025415781013974
432531136164897276174991813900094078089190067105759343675616805995642948973
5323705590454251349931189750931251636952776396491157569726229735213696367365
27629559061298765205948122780975425889057896493018713588951124701406281162373
25756175222695803056201171096354953006667052960227217200845405989511899865412
2854586482937552866528789144213309393883022673550562387113830068399470727095
5918561713531911952480538079342756969127566375484444386704129629359549040348
26133463199957046723679847239440680903857324025183336459660358312477883803089
20926215475070727032508617358958968401793315995592032201237207777780361554386
2618272770716470559598992135947711363522378664171674250026495321939430679087
3457309855948732239633287657421655034171510542239335670455697834806074442641
21363924978634323300501113246574805285817635712177712791469017675369128073424
1000963307517703149687427477489269390652080747216691560895709869890715426026
2409882013387144190137120957164165132656387613399613979831471516451926730030
18000619841518808485008019409777457618074429235588828505627152298973732773280
7891794449104872121212072570533372648203875205388892115193421811986188644556
13498403428438973146819931734315547344281777068324146984333013112283163561868
10511435346295070279165640163924291489580845005476172541257384026287594014711
19062467235939649586268810880263486370846449461235901612772672821294840697410
14531502643618905400644266741055182953453858744577112381693510486131120157207
25345733859991999142445013050574337078961928575445804838114111666758325484993
19520954974972514980313626575302573454275626843188380185455470538819744973412
22860456145111037013254995699313248437387050800318257841845742882063971650314
11706316351691798277216186450137990129907645686377089752270031366909842785239
28909738894709322101142877819155574254845041934603211541311232152915907539955
19709522625629247235034970630025196640575351697758970963429419299993732771331
11646083448614568163824321735839756010148576361332572480790900240361173621773
14291533305642993555958977799398133903878363026629404560553187409177329659495
22101155117405640700136707617952950887219872490010856977412763405494740175795
14837482728636853474426044648188330805664588784602710433624329725576553116859
11203180806356464444014995321517609689443328688731231299850668288095549412447
28506853293876748931793332251193969141257753120243108292213448885190045640526
8346517026276816934577277783620308795953310205171636115567057808291351797674
5967172866978844131785316154724486053317961798376231268261611733115247724610
18672454932826103508716635824033719629277505233888452915369675122701413032739
4188627278386202830379110846579663920489229258238982845545454325431505544182
8693113006274897727267713536608831250417054702953927916368280233895579972508
13090551208617393973375075208153971887478599604252778023906043020087344086651
7743776695055009549949981747833222083513017595405217075431372790560064086806
13631262916761464890285943681385839567837714311459592200651958714448530493923
7293084673766003429014446453746883014946295735058687918170716091722379494418
1519172428316520071900428215009109296857392836362894606214185634017237368608
19568929773018052123041536248850704320102859788453178382873937374870123052218
25899885822032658784592423836990518660136999793717882116468145119918713667945
11160624900277816279287399675963529953417231989641600246760555247658956467192
4185859949385406072396487734845458156108459483327168733664370766429062744913
25274259152489439813559097239972428279825053356327901516960700232326934488132
15351894331709891196428676837840627824955171954477539594788163508606717195482
10239168034902471713632714987813117679946588617929223972160243008941658941478
10770340679272025753861969331925482845047016649302347859730474243358562732564
16499418109705728793901466570888863144641955475828617019429671306073845078537
11764550506154853117821560849563902282142834024163426092568862752235877544228
19590397989577306399399775615097996632501306137479723210987968613358147244817
7300144679696965741043553120232701367831455405726865447069328772124790249575
16517962049138627931521842015238799549387341418161494014585475204384365087805
28343170758471739187207037999240895629864022805906903462725209789701142927609
5000398914275445472304907111136487563378875442622137236408765708353153442408
23599165563287046940644337590170957713033229351761099927880689396071420190682
9937886697329263878390836653398593883096930223304027543361709331397189920101
20549516662418143226493215276977055512718201482161342500410552324048747145269
16122152426036557618453330178463509211126885326509961024785719090122441662142
14154632849248625654288623158478131389484553272674337997738868351490678081416
5930575325129055967894926416976697303372795494411005395103417292666285230930
4592776585355718238079908861814012634852251285600525693930244169143233576147
17054416295727038649532558073146204767628085654609557662364266248515236284057
20735944977625273630582742651054604621537677355817999906616308030358184737480
5726948890668749524643389083531085974310188605542906746405956538393740778545
22788425412631372095841894015722782817999150659479969504577487982314309147313
6030224824032601453547206094788566761269793948293877523834626595317062895242
1654996738815768505647938165309182568320512795369931275942418749221505943895
25937078583160623773446426570908633900363182769693340103682254363269219685499
16355177668571558365197103542973787099716394508238889422621823443981365021262
23755056215367744193944733251061600267686793688697403017711362953011926668712
6161469774131447522294721106862504104487718938733990938646498540433820447622
3826825098967439361548959515486826364789618613329527478759245115920484165712
9142523877367820952394396279879553682010416098485868071995773741322920109732
23168185274370425021040333278301731581426803716943603244904220407713584604507
16976180424710652336622444563729300470883667128970934997797711595033917104792
20605938760173057073731484626724512129594150357873936841770729971276207539832
11736931138337518484080858419925499845081493719138191829168730811715760718338
23817411683322941120179618406186043675086040638146941341840748523370994157032
12945075774492026934960320891532781545600152941932564651405144494400190666585
7587537749823487403356261141151064053998226039471657057520016651693882661987
16809487293451190506400547990642977376287095084528064429737888943308528003517
17699470099121498924808662395095843035172469743344714571972012260737677414645
6536514940366968909595702137812952131271952111021982377269897893804574617429
19567078173878414051345550180211593468792412903087722988218693852614046748092
23881573311350916213413406348763045535102048888766109093060267610536210956689
26090804301379006772417389354252207228997909359858154027305692697465498704006
1858209090163726785991058205375302847022660677158103919913937788176339357844
10631328201016942168274003139156906494494449145073839929748527057822498758077
18116082801720878433872156150859653778070466900722515887442217561006398168346
4112587408101457443401060370342902490711823962199814049512148402131504242884
