28948022309329048855892746252171980886432904397909686279110245082834117751149
14913728508356897715341908913412801358591807532451959675412376744914856174065
16748418325175247663921958582846221709181488569803974254805367459511720831303
25732777932374748439443472514813788846650848922973595151763532103778772412767
1160038013000403227226371589317739836326397028349551168015024651183339434250
23302238507759112426247164949186958553162386578617293324175485139306098049480
18898169647054767430511791512023144687700876451210667720983442513057525404112
9944620710978017076810354030077039230478197029267527602290953516097228659048
20522598667510738648403266556749726899622754297346038898797820046052173982005
1670738295609509898173821888772038778896966546140578122029796650597883304246
3065635180801094929860346627097080505946000914008099974153839724403829705992
25351266346837065616342667406682246728045780039108008647160687253458302551151
15889089810959617787836707830227030880394718216828515227274985241243130433779
27673725222514339313014413381544848877463064139787481671047091210257292484567
2589233357919602255187632974341657971828833042473159836916991728981575179052
12899266945463229996915531502380737046864236303141669810898127639089700186526
838401119884357238666838227663447201912507418478773899599994971676401175536
1094505665579157767464463875014786351383641876160830435406921594150391973571
19390806566710377045939419826330895187455788507821419829210464599220903148615
12991963691824439356115666252613587224019651928078665983696211100421065530035
24767973731254518399702479540255854256252935384768364590075326279054580909545
14850035434030548822183556703812627965753786789122564623844971696682205018558
26759018648486993933606625729208486680414140421427246357672672814293223000427
5400168712366504958501227678376965127067755557263617062014886751129161882201
4490278992223555083496671870389991755020236830907838962111593179287175370654
25491322754039842168287048704070532515784393112071525600229504830630387967989
25962413027604968620391659766705388271429012776847721192250781205306669882917
18857203174199492582190226739782494952249396708801840145477603342344387233090
8089487248923697607617272413237461867551346548037054218261955012247316687196
5335142172038690061438580526689290438769514332738996186161365045363735405309
556555263871668676786577422006511398765698182669890974126478188785150287024
9748286398653992815963245977973608310554917023936043981460106733535971826071
9872512944142263857353387618108281804051489598808366213008379763372426452759
4082188275586060747267622316206120926093441428688739039186930736119512538047
28693298003758712027350765895857881639449799448362524155708945995391757501291
21685157068446741790271704669330642606178439045141545188044436759428225911625
10214013904547964713702394371297015594556124100903705872226640300429079751643
20415261799235707150235100815873446473355314780377895111288190721428304976155
20431670151275933774407330314218660357721359820453689243227678522198901427046
28822012246860443642790524117956229324296997988239973034638250155044075087858
11581497233564927148028058779095777507955851959943917591905091329634146811280
1240578441123036264322868711556961382800222541732862623846409058628245554718
14961690963966314317163699136702042737259505015750521982008061932714808665740
19794199934232053028414241635985827382600877878113154718280501201919649294625
26897250241379921619714154635620815946161434864237016384344077011419945477820
25775931336082252783599566245190565780111284130071978675615404151045432796523
15646273985320926515152445009838557520003741950422290537526687110121120011594
12477263091485978782301452940255209360082746881397237113519348676009737673347
1247702326501928286663671954802721169306726216332922326591134341330593814877
28222546470182279137231156418047540550518295725769124576569873921372214255581
8116855942901512012753104631061644495664848455429858006263212920769130473904
2839379432463835774275329375607204766971900563807116535111491288973861076317
1493356531229272783963804173712194609090972673803220760653820827206561022451
7154900923227821934038057800297796286653470759817115491649201565583939559605
20682102270095058955403106021667864783559086934666952493193660234657626698895
539765607661697997161217855901517893821983568010924056769470260882557269294
84400132290304939493792696968314522038732526226265795478503333151715386944
2443784266603746756054373723315020205328064105219717041658420724390013239131
12482474371358462639920786807373001733680141074029815259070573228275882733051
10449209033788254041523691566081407823205460860873254296908861548416420381396
7892955514430649627931460808681590699279957310019810203512192707706220291816
23195998426243247295307098798408062455498240033000333791533082831016111089222
3542953321266528958348083787097602650027708425491459575429001581964501270591
20288029069329693749251048407159927078042814202527433472684470489175336385141
12317914415572092262803901504746744037788845031236971741159801110667741428005
13394756860063834972912575357646774460145579202053943561982294843856842823142
1788338715027121000346662995283272433164093744377998934953070437016377609359
20029498075378580869540549441851875456226116768198939673867407722913666473413
27700061536367861838172717366827819622596169429562763314282097016167975802634
6546186152647384279530866627164636597777631296269987701998144964067058731030
22165566524816296199977779083187090678528230922059739616161125236969059052691
14793824865094179534153530131576798907671719845913629550487156781631948300183
16869145564602943429557794320112604572445421595039352542114333243091450178813
14089236397761961977704060393117283761843751030817737199971855534522760202261
19203128733115083949560581550277696140231870361291015919574043969206263786393
13110569162634016584122359300991220686551849661889256797876498599621004230186
26728987249626739720651762311169163514748030100414095530643105213659445008270
28191479558829838195133056043743529266225046013245005132463083540195209318165
14569550177877392327263132196629440233363445930196408654165341595912196519458
9158768931000179857871967660179013508109882915116312250186955553086634483050
13018422904220996688642680040538090448398763350116876584264133770964212164130
23354609722298018238879381657864256913020861425387311524381140811775900912486
13198717759045016496126924382295001671852000898856429339037650992212449175429
24876091564309804717016290682640876898048520309222316977341755233639524590144
19817947129053595923829480749202429820308977390091110531591177733508802660384
9247059354023212236129277859458107466454873953446995952473414135094357118411
6250699933627720297383388181138318385006457475900132256767502992232692097230
19668010233867390475764282092762820222557293427344734027115409643419903534664
25034811746920439259803641261282943196538839052804966568161567777680643602818
22564238773503038745665372341794751635319769106369093393794013188037144226100
8021222533058648214686845396974086671678068797644032429171870727089590322856
19743073702154914591767101081111785927244326770613278190145817083774401518662
24568347982533495444372117442733127493887910108558910323934940302866201749144
3474337165810091271459033155647568151124936056471296822494010626224256173662
23965234379188712374846182591506559467019766380682478905625317313643473291518
23849814926493460514445760228444238929441062483326255621296567056409193855800
25924869105488873144815018823686025152532026136405812840304845307667740414680
12921988917479512947343105890095100267361936999308948357380652960673969476993
7885841923136911040241513957539108529250538940128831932594184444734496404500
12859458477092666219532682599150973379942590658821202159174702781780320343718
13647770593078485411534046606975185470735698867085279096124723799955052961099
22703849866016950299654928632406427212391708427787255884929505127175800504430
