5187
16433
26493
6009
8558
2517
17827
31005
26522
528
6547
38752
31238
35386
19885
28428
17568
26533
25251
23761
24244
13292
17064
14286
12160
13061
40005
30280
136
5188
38770
35551
18902
22701
1763
16481
3471
39228
38323
22513
28632
21156
5146
22217
3101
8481
20572
21201
37993
5739
36894
32077
33125
27988
5428
22530
25724
24903
38388
27797
19063
17055
13198
29086
2575
8727
23418
32028
27403
25985
3669
14971
38830
37735
31871
30014
21881
35764
32574
5224
30680
23432
9107
35661
22173
20515
34776
27136
28183
1950
32014
37998
8809
14493
27414
4104
28888
3104
15218
8865
