28948022309329048855892746252171980233090759909707836429430998813839117967469
5978919236142606547650399213717440902551390268385239648859999103680819781761
9702379571370315516997690901079278648499544436318623510891806673363298020636
1323474838549237854442221870789442116582141910005366579421203907621906729008
14071453211726350840847705830489055694708139265647086269431701537989365108824
20702241884739312097912167648039478595252072672538542106226242223203915583401
16576183988677021807422400744631941831211192255833973332291533811116167465586
5435826812102791196914087382121751623642780746180126441132619611996899119766
25728275410525105796750184360752607408312005997785795357853104860311125264583
18595462372380404599253795022508207409863893665537869177019202191780309945915
1196589620488049037154003341521936147919137643504573676568418098784869864248
7251818023258088013759665378730088807645124804212305878896581023660088228225
6423289456814808630819398054587788124966942793309627497867713135480893824671
12010079753982995947113092364565042748501205977582486471885179824658251382127
21224943657560976026205934475937862476636183649344491812771832365552244038403
19996187817979299998158507119035046643729418606112692736766364864331736773848
4498200066478304357712781285328840613687106473879523279510669879831482297980
28853682578857808273796995095866564960668903822886529988659033477912078801596
20941412920927822451994970208608462867552098831044875293833522840710377182886
24088095181439887962739041798076918411989323039932343028947242198562499091001
14437462676105270652938010024258290827657586283582711965618608078675690938819
26195614025924275928248066153098153796950154382592241288493099411782620465986
10886484209300760169088707289489622056986964525390200669484429848827854959956
8576312606802847125813430878244877558266152854553260634951971744038984340698
8392402032033842940628085684406430773520039639731991008325410468707365743401
25599004944080535529510657471927015275310440406135100773399418079059328776237
4711639576403113636552331259461939552922093614459014575487717608227528461320
25048815892733021531093965775726029771766189756930467098747701096036754432847
25061743527802260640608390963247835559014435807731504190549865824480192660261
2250508151056332081822524487254454182903660159330786961352319063208939021742
22839966828608939915443556868394301532998315587307573274198836305272119215223
8424733347990195265655116046929672226153892761226696373231663291577564347224
22311090036157829153698360854797805954749349409682435021264574664076826010821
8761920910440693046574047139850435795490016036040277780297298464630667899217
11665131572862141115545693533053789228992427606084555189823436148784547621894
4665683120387380048652276738380878952597456182498495245770749858856583753377
110243621414845975415826043245306833157631138886848253619265105318175140627
12127788383733514935315381441443321355898775945964737467324660600195303120724
23867442402447313294930507303328781860843089825201737432850681475330655098503
20855563512799891336024105223291195828276864045937808700382914943755038216393
21131051823929778591802357839590644150182693730571563989070574479192568675853
8374998754527627575886448949661445569622602452630506394193721138056197176299
23487974950717993923874164082077564882095306356228096620283238380823469789661
28240587161662784481762258503310342335185471004534944509949943499758902272154
1934786545625184640981366832237510709594872418986919120344383731412772476250
19984820355809916263638581418896684101120598181479648697684811759616185842854
8771972554696014242027816027452587747708848864041017974146619348003628918649
10634330948429127407713889013681680185602302997699811026506934121953898018443
483247520308784148854184357355926837097672345212106040318973474783445931111
25591927690887093344049137270889562187960409431353377854249405006076287766847
6695277313790270122766008304249525765297380104756283796101021599349792174805
6365395034061000360130428320969166123074305826624703657831309119723796958952
11929191353297192771049034120540652018476888418181785484004978278968644337413
20821872667353266663453552158704044649821617174890748315082066886666257905720
25854791395054075653030544234116393638426638922902269630159330717115451582037
9030491476966862853431973894918334414175404206131000488888297030811652347289
14532705104624496536442159400219644667534821969732851638471574284808633998945
7407494692913739448429062744818546258620152906416947906228663723735981081753
11586028770443994344342728365896200736851746149277032502352326986817629966630
11886358955289214649054705375931711998785492998894346292401786923032994667261
18702481785301495526648146478318382197609045115111693034246814314520491750534
15277663719860634080445083581748868398971764961073943189168855166364296317840
22617371649406549062488408246336670149613591293395177928732133714011151159534
6626654178636461791054957465580643962073019638119730628746256616922082773548
7904557632001498708742888125182261656811288623752589875060370019358990045277
18250895428770628750022443864891367838558861450946177504009506515211458060488
4850334159693018523447722806060088354624116387186504404157685765271709372409
14064149513839983862792647581958939819697119726636383432774665983551866391009
22439799079008779621742180816033915664944468771233318596443297787758320157508
15699570900542978782227491829393709140055791599003884452076648826510450728245
23415540821686288206350667346158507137967262264136271817328666340346717290717
10441187472685453625886144128107777762268011031211371502363019687004560693795
4657775607065776024045603120812518878694296192078153020964864531130275845452
23021663105065978710069998706409649408817072153015739741716842553921045087172
14218949595466957085530680004329309795270739084085369884239226287706679474180
25325670334507788578529909292953686221013633547803593752202891378161211690331
7202393237048942576532257790270232142269740819378748816464253463458557185819
17536097449398095959380189426433262392257046801587540670286719461138063648835
11450068397248425089609639868951481426216424873051726572517239615998194440119
6271916848878062724332176050224289893941690930621360379490237836613784371535
4909636722165873783995095343449702282216792983993901071650495511144234041474
4084163560991402540525172699496524513565332007358291519474680967274412567953
7247756837597442288739634206621247921439462230330245835220034567005898054119
24317689113238164536190229523524436554107853280404678358780667695762345022122
22341889665818846909483568047517869353867086594600917104385162120011482325289
23566057537697868423801168258164814109650279270699938421430768936523977991053
13736759191111393583483714440493674478495080553873522441035331077542925863262
3566852053246001577638530927429442412754042053661337322377646136398460566089
25220795748359635978976973739313832259846202590106770536571457429048566004895
24409805425889793177385804206652966123228617139756285720581689784811791129438
27921248984699547465920637960652016961407555833491391128001930396953232266734
10204704244908993308379482423014708440538100715396758126490690312000422848883
14787115457103565181680896537252061704732700753937286272937130512524089206181
10922404961055358162467010462414689912202919234810033751478621051445360141875
26874080074780064010416995816865761533928563787122711121986121079729404533157
2677923330121006508348688709494295726519937140903166491188194299329093860071
3663223781591644089038990073590954084758764559167227591220264287578924699824
22621116991521932113495331975933675665972000220997085012342029347101868761244
3953188510482318430280619178837311649176322703106771639397694271470032898645
24482226776914151980189663430088345129034485379615227439285641881012470059598
8694795547955514147504333332451349251525128103798143135247047199460006572905
12745314964008067095899625913758549729420394014946136339177163577508981471818
