170141183460469231731687303715884121403
170141183460469231731687303715884119987
28948022309329048855892746252171982056323681872096123666192145433253326781761
5143213326362626377130706888632231549504412833029584150946393754609857449137
7409133480298244422495406038734771347365316977667855370957210557940732757925
9816641351191704458232042221564625950321828111388218188140808292619921781767
7834789167417728987199418374810117130815005830244240157811968251802231696539
20591761152705871971700497508082963685112205819896978868830282442387177307303
2488069748503075611626178127356753332884844361159621846260076556374290305990
3603119154389834753639183815276838183063825637510905178827414393508169293954
27613224388219953167176776943428424391768488385467039299187444634644804092347
14070625493225691245602417363582663109705279674790068592092030262266390946515
23857485835970091386448536784149209878104327919947499415907551540064315924560
12250291337640873481468035335979257122198218924548669255952119235223812961772
7750221922564521099994394000864104063429902170780157118340404730439256221373
20232135636587166243349713797636701692411038721835435183861286981328197478833
24729637400551652442551196302965474526863878777197931703200889645155648882142
13254834684473625514697705238931603129205891944792993180468944029296030121095
1187501984296844278411561394922037479336245190406811292579843532550523719826
22803057828301398242942988418197738964762913906766786714988057592536273470445
9269445465793525013230973038063735922083201014509526919395414627080893697259
13617672105828206032955965557600403776461880403427083574641892271004956961282
2043154436106194560095443956240526448316590819470962162418726505535379155781
24863819794958814549519016134472830178282747471328259947923297818277139254708
25577409964053245091122767866200323701595556887884363239876239885997017387257
17832195903450621631309837622965062742383036396336267337855070162997269839963
20353472061328096418930305598814422476937889914664656887385110318815044574227
18855053847216014757748447764430178339145678380848971299680642951501367828580
22801064687364374554970979251553268521093224050463600876422565544487987868767
19501915518829765927231678857384364342216685972393391432208354089519821360296
19038644486045959602641508284517663694786109716793461410850541085755412600557
796845288130264859514182491283267772077712688275024294019022284279376346469
7395671526270174188464745373833792839679828148389853893365913888674063555898
17802528897281946425682334199653496967910355271046587150935085993390449063904
1443816685231529846237892514720648100044940448182866856968749171954957206278
7437171386610943234576145163916044954983403709643987292465712318869715888689
21071503770962042288707096739550529681387990099108690296343457655559659849642
6469066728754354974688953258674739858072869566241053212301713350002369872979
25656111870921711391305182333125948231371463670805341672837845271551695262007
4988155777256623076401971308307223934025443377911673416748852718611343145457
20959879602752800355324276609775250782949478966286393359469579487918749096283
7116698942132321004137639753544991896001451491672862278835198977910361573862
2651599962354915317966413966919072181642889175851301338146660936909929942637
17137210350408723787630848981538540082569640586356054708930955213616874744965
28685771625251018754423742409405280210405631294801141719974220783021263040238
2159653733290440811115727324709845815928542330375330736997064317857524500095
22356397086807863996239210264077946279981490590571642505742062985257112888481
19992616947401570346452797591434890652119217928098119547254390588354725978954
955047375756908333115618368177850467171792448035252236353130436605143613985
935192259072246352945121941321247877618539953447085479078920330988785133429
27247603945844752369925894574266776438726397288072039997130559716689904379994
11360114442701053183893518926522803811896420618288858474395577378795074673299
5709673711142556105162413087779648247690753972060364159170184490773965448655
25068455287414169676428762078911947474630842669947121750998613664713566708747
10749676073522192268564673125973853714114187913243893391360671838045684435874
1672593970889484956332167665082649304978301021168257066927897585942512136703
23406742524414484383536791056252834264046169507738978028768065661138077450248
4930226356988548729604197476930467764018895689817461682649015490568106395861
3248722686104586856352488836367922916090633880827975437908212959241827602283
21919036578808112776100442413655298617463993860399051647215344756837449832089
23808389863795475529924341734545223894769143496315798254245562332935182873548
1848072554481743799282015474524571412743622016255499127292081349925753646807
7350555940434531783376766152618651631443594516147718442206715903364506744593
26961186611348904775988392637592788855011905529495173964553647736279733111868
15027905149876786311732332644842476290217804952046665960732823141790934689834
11366671952981638159613144804578894682059647928090513503867856434220953604699
10168203272114950322063408748472231532404737394269495454074632568456220852588
2089307913737561599888747347853355844268367635322553163000386802958644579638
12425498812239326612291775028185227601898648371538376203919436165257479646514
1456147755469155424044079873665252251397013056669627918980034161416429577449
8415487876331216016889512230794295965252211913722328367571698699477682113253
5525103656416272263179063790369569318922497594467954763522127187832830840792
9207260935866787082533700967997736827693188645429516074327064459846737826607
20318641028830648934925493827781818169583220339900606622323189866554687777518
3943279379492259577818153464556406608887957226460074291581294263472688115085
9176963759980599365227774507379452331668122264209020784370763462216831639722
2759386939353580219466738798514475470099741612152603150310947108168577076622
16384151375955432359603000233498073196462287861479480437038515238536748170616
16562354229478628018776765035990289109551471855973180389167230927582460021903
23882354605878877411053563042726222994687360945928995367638922308109441184227
21219112855770068758345427124751627916397178097666114757845219430315749761473
24907601310550565379163698980958832964356601432393483705129492267084308287842
18765378229021823244161862097501185329224362178268258623952152052227647532402
7440432529682821791145654678941661196624399242839695920146486756715753048756
1609047987570612884881995962725976256301211506051634652043162816803057405902
28090149921339294762015000609494986180516806083810010152350117208152023830912
17833050980926704925440626637690152819860401212435049769132962939251476218860
25919242216548580011079827247046164229120943806313178268088281077057935738014
6157622992294323288711702107626123425826587412135162225743413193200060460823
21254662713519349238905232905219603429372828281150395247744170623227892851120
13954712510550968047734001833285585006522744003292544181853606690169669775553
6306009536197804738134360828414164879869938131486840189385686315474955748537
6179056123090296465642491714107660981815848863227508731536604580819768942573
14076301040764820861938863644220653626452474412232099607517935986246058303921
21927298404439569693886136701234760193023853502508577456163114319649596502555
24079369061924816983022245718495796890986074186407141564692625673828420761519
23546520000515562532164220704456553981199066248800303196077668916544892108685
5443164592289547302765100090859208427547357167114190935426810326000793722005
10385830396236071855324004615318455371631145073091588304690906835343641823459
17814620328650582359354314669700278559997987106698141271318732895509814232661
9182005240303811599444845558830151689138894871342213814177311444495182424875
14647394366681442647238071441240192390803726188526036150741990557571163240127
24212453742238769426919847892177001180606332509781908317415450940085603684566
18078622031252431202059653498543985877227709330099518771684388631814504080308
