170141183460469231731687303715884114527
170141183460469231731687303715884129803
28948022309329048855892746252171982556538761245875664957352818357952585948181
22562292743954221516990424928833252498140261243831842002347876570129901709153
18223777030868411397005680359736650547263128221714416111487879755257302538631
8407987198476033178059197545017770911624261712354557997002338529851974381410
6368505345839138080384480670239656745690902281732900282116165566909262785019
3337511427354897222543316048364677222143626151537755086651186152569887307777
26268580490563543380390334321023042747866315674469264186366704744867978202801
27493722646677954609079685318022207252688488733666390190604019740120807853024
20927972084208950390391491662332650571641071445583088631161604736424092595966
11276557879477575485547539909321259437624476252177908185021541938085588940413
11855567915551881652860983337093459281904497849595780722029445463327289089764
1494938275527822425081743318404130647767076860461876002750382698156224838841
28488518082925935405262949218344345386769049091433601519931610945900037729206
19524272372516097207897791977167408531407365828278536788672848752898652946093
7608559078720994108469121766246688537120319398323133098209327756002811964509
20416808132959972919092129900734667098544518101833425163584509390945144192898
28821002023938346285754609160027695438049285243227243209184004199280577935628
8080484171581442217384543596631114178874656996580627182177823942141753515234
38855458279830679958319385698811491854584159789389462083263501655202501180
16136986726834302284994157933063922808599542852626069424520968067497926252380
4216231230830283184064165447941943383733984674969463716852464637235388055541
1259232192750916718781363569662402274843583681587373570663949808510330891764
4678441562586255988771707256138149010218733147398743682155689735814172540540
5516384260722613415070865348196248493356885732858273814554664553124675212742
26323319693086028250581662513395745799052185827455175444370497066217089888159
16214200508750495435943654188085363487254369363320444450937385724070101831990
1324250674047788786740716424084947402201447155623309735853478840531204198292
4124956141075049395223811594146224824601288203853887565776024819789856908561
17434943453371757541335505112901458182449422881619741572969108572587066118788
13652834072632099747953162080114460942570722229941548243859145433237241885808
6615230183072425343264893383416736016753066273333456407808133400077510305245
5156851118567204570718421844150404553963376114327347401696434681957820728713
1366824394204314902266997150513707509280685310956563286247413125140260646296
20516759710302462523282830894163362370894130504111083277468470557196918395255
6450823847373239893155563912750766116466456039624506270551867154248083826928
6468813578773541512724370288314459470639220491846904815916024886536942101490
10851590250421349373010191305603292252920272147239657201524919314570532896372
12887742575027665656039973803881744752332119258912885505733783639840957689269
19445751415662378416195570274160582878405744295695209200572107657692175098772
26777214191628462262072695927391507894551122707164245571664466251814062981056
13796635451134126131361167799518021393086074949481481674694476046850570491683
7560995060892996265057899284787841750271804002050026829413381260388124316592
11837180275385945757508937136618515990008267370694128126761626672112505491895
15591159594323053745802111267588937697073566240970323606809141085338115287154
24948383775804900198266676402314275235316087215996079421768958781447026461586
19577174015569990919376185676258025460609758309485284682013593496366849999200
8113971160818868401133788221047565393199485236370731329472617309505247829103
2746211736051081498738631839042346263629007058680627427769730493361262142342
5964632052453667694710383279829998134697447292333872959780041877223780746436
5432982412680783752866259116365212497164907104396420157753961655450503320753
6718663618350085171471067538334416773844259207906231224900311015638991715115
3133390823859961001503597230723753511117328612681946220406787523605558251768
1187851585889663490680860966700899024066837495819500475009499381148365297530
17414619459160073144485204590497973219329497692349688408973408766016592446215
16167063345635053388259268956739090152075956751937227574134595356759524085709
25430867411919497922735199369088819332374345350655714979739714418682231307452
17883822862388370394148883116511440350570998692917304529050579511596595066640
17577615749544957269776125697244107937778116185684278115375042141204286516747
18099474214669969902404137469476144136120827142339681037279495436573833790841
812953016665438801197954589496601367117668296778714765678466901193646884627
7786532123486949121820608493039942038409679691686680154080832864950286516828
16170563239885721463035115905265052883196364516242764670431463157566201239548
2843941459087744996708066855303680363497138906106808247155678043498492905661
26643065041619900056171838779492591093361818222593354055227827015824236258807
6723475030324646157359797253343970917227314218430193824022260437006784996284
24370523725102208405003590449670423707477533786526699114461396557982199590034
14509902853716625332694037522459764339100345209789278064402301309545764158409
7544793072491507361160301596369969073901708580313773202144876240793025028541
3189628762072700966373179542193348502077311557878388350174498299391830627258
15368963764860835468087288231209112955938881804754161559347885438637326992619
8425094620942023121902691944158138605819015685027275866839474961341351918139
14339944150211314095901707433530290831943227613208930754240329882346931583996
6558142888222633641382602573515606118237724061314116802089949965390553520460
9866298208395627044582403028812524005783778114765136651858241854066228884768
27112618433830989559079710418408021272620738269059593129171117206138151516814
20011298624933742490495459482386854744079692246803328010145949023755212752983
12043766411388470041658678929501948713492189586609436117576659374500352150990
19828846195069338672236467377218943909489657634600905563394663065017643087390
17164410212529090453039137649852193518969370644710723204053776861923831777850
28235588987151960189360645729049810545634196667994948196285295093572119126149
12829872670558490569974294657059307448162265386362581714078904487085271572432
28862582206669404899708213682365440141741625057504611665649366600386299101887
17482320880336700912589221038730857971038453538497497100388495910477410683488
14290585492660180157395882978615341014667400680247663696685804359091823868406
24596260384211416778571679886354848614526156560341619979324499366015100203969
20059804003402477981466412089780372573682299602468773965170956624720741538674
3677786967134400909653777503428337263611317731728359191151579666608052919521
11323048871369155016058984440712199464049339311123894551261305851709755980228
22301655728435146225043236563634395787662021675989451456832597669860058125909
20822027436699499373189659055799085152401278148006540721919297582966804242305
28580902361966686331624937031246082620649740070021118643954783347802773205656
16195502993602878868957281874992818855789702812980007864495699828198672563208
2733615382742756389965996526176944440461437302924426210364306208812685658905
14264512682741891076394732541258716227715766663119222490755932179180528128690
219936205126687659486309080220317653300041368367912405209173179021482924362
24548679182513799954988356023749459003505879776493501582326373570787391370412
7024444523897307563942407075361737905884705883719315506822169890622098139165
16587914840309801644777827551768550560476784447385307461206050078281855195045
7351188729379208724212689299517902885036254080729880801742780394497515909644
14880719427929704449533425306884624544159359601877370706279339745984444590186
15226620390669693809892456009860744604179908150199522586369525792221281585125
26426499077099015027015203285700600653961788195596768134301751521706082201322
