28948022309329048855892746252171981402981537383894273816512899164258300594241
6046941810194465398739211379712748911334952487638508948887620598790839189513
8859267110829361278813342451547370339762513695416042714843012278075149876989
27171981918722620831725148912443357382887104233138214544219948913928640995194
6980098384277329048286299701143572277112332537292422106633455583665102695855
4304247065575564367610973599150567959430064456532220066142625711651180935134
21817431318000064659818259127615933977791745803510161718230334507239216433541
26094325733118904012010244430229890368200758377894818479359305377532758071748
26236929657284509221050790482892140472372436561628044461638162962740439609644
17135016644851340229008200256911582267608155663051755957775702310949010951290
13408731859186033951080028114395044104699635495987112951133285196015464695741
16982263168825582488723714978413989523405359189575069950659952937100499558310
2417693279653771558002962330044406562862032412112488041331411795710227927088
18723733471887080575870230694473037460513588062123760384743598123103835658797
17438624195681560212838377998963782959827292704424660918354156612346452883027
25625761685712211098057685907217619515258657663336571288319280332620952667078
23877272837530887652977691468864987160271884057571157114018021719606691034118
27978373191253360727527778407242888368054403964264560706082874865763275911100
6265173746175113859504290942882932522994943033616881914308157848727494956561
17666523284157457387808341542013645134999862334838871229804273927355373817498
12266105141288454531464384482494150498400896953881156556511412421690290324692
27563230864220517890061203895595433749070091760468407506985179224032267770715
11595752848317832725637190035271000677344218472114081843253348078097950721131
7924167209708869584438903096532285159855033612064570805282018666791393058561
7511310735468160362935082195601094218772047588526630102760838208060861312403
13879410969324904813773823042848546420444883052133523441881690317485283532581
4350269335624155699743584645244105312968700696953112248747261700803610868156
20783088065935115114802436881960430494120792415375282065282793510059625209525
3976887991778034436471567595920988534922571856129046424990139656434889211945
22251980386063401954656870466201873990078849961841496950005265767840220993399
13283945037175958507664878764205004199397803957654006491546954963165944461245
7610905997757822874712412048453293200084265522850867873220683532547562617749
16280686428248733781682437001301944089162587133393192922306854432947647327695
25853793489561019504619566418113971975071227237667717866229604734699529053054
1825587680574335252453471395342853710913028012487259779967722671623373150384
6418997744373014864368381401260515938441067602407299714133822430015657351703
14846706412824386897320753531071135600047881021968430110648522142694370485739
22163666443683206603060431847045917044104964220976425325620303792822991200368
28594688247119477084274762579509834329234503028735926509454996426586286185222
6285981756355098815400943819770084591752481124369275194607839034500202478495
20903706479032751672219991052304507116869265819486962643783085888450890862796
5569905537246212237837674383818988613408321234931996249677655661726243855026
14851534554328619798269824934209394215144323217324418442188609400565323415936
14852792637563455706672583150048985498785017097979785569460792824474023118220
4748278694389313336692138643724617387423533768499401633334212357301311051253
18417467172207975717858378512176220540286960748178401271375951313547261463060
23639184875744264687038544033718882522289495940193096371881510025904369889978
3446053861341146939655216186666047631070885105101610070869413449462963308962
6856663705382723508310049017033500945189792386828634166588704738759830460928
4801982162950111372469126109657235212003420249375150407203738542222411852357
6864524970769798215216887680649067726145417887542968491696839724428035046046
24387966701844383969301945291734309824606029103339224484133202528863263438554
24398575561338497679092494359875531997379985333629485124378321920168025112673
19371544523019041653644671460866303089064907620380495427329670178625856755852
6487149312819282602727467458736313553335392063494775407731369377776214484091
27965804935723267236114038858094488727224796961559453533950800008229244463789
14715717675604040266170238786290393640717020473936563819417128966237135832673
8392923379554649264249108220475453925428659150469579227711589196737331150627
9086288274385897131241468241347602801878287803576409088950814063562943728727
21971315112398905973490867485064085298391857541426963865996074899392137780665
24031545808040248529340035479510126764255321620778412301437108469479035942747
7835235221026367621443579208905943239325116066530720748213780028264320127120
17859366703426680577434120342975325587398958792059970778586473551245704915704
20931235497120512725480419111057285369503137660954168864135670493653574626410
847872577053842465003334219897862480478465765721800903325121303088334057654
14650523100079323500118425434402381163415952128981006370095793393092413595808
25011212312969014319586339977184337325855623663007014610248664341494811082123
10980236864405739365658158437552729878506153098370203420974796094237683173234
10899290353894362676341047268765657401880913749288561849827327646673468171512
19039529970309508935871134793005773869166518721380217522676208301483451892085
19054676743011389810226699895192252420464354363399783810054710385764122674240
27017217876646571286250339569493244958190914400806496475682216367020840469253
10673434761585043946272646199088108744917038060142843380272002121544272494701
24338907772761899442082945135848845357693850853682258078534923295994346899382
25632686224799339185628129305711919719661943451910086049641416555669898805191
5713114113145269297036255870354929160276783335660970144891636720652990300598
27197288837379556957963182733702458093408317214243342430758152253475176815278
28816007349699269618915846801410051539057200836500255496818687505714022244006
26358199296697925812109586788036998506242174805800079304724089333035348820166
19408176560377376323551015227646969982808379279062208631434861518454299801048
8202941407351357418300390045987899419416687673742353254202446945905185193069
5813231221431575053733352891653987323394314558476140893892226640634187462837
459518907780357985448252860433055313801459173098573644474322054555900450388
8220273854504094329914557388328071941732021076831686027696705068478536420298
27916035646935246883372814727323642268452298007605946275569957565510753870764
7501242218000000712575014336916298495546073187233403170073900836418511446613
3548414286310232629536880652966952657363231513733254702993633888877587923637
21245141300375739673906751845641928624522525264035880886366671963887827468110
4596981298316941213800894630642616032007462751156208633101804670214437440587
7038760989275600506019750393750512999355469843078709522386103694935853996169
15243942013372246187123753029855928848419001478318025868671821982112923807222
28161782600250244882273581783823841985101186735237785925051082136196723882979
11955932292145436592846740643025262485007423014174313362099299837104830440744
6492606761395597691180314117636553589237910251290141897432302352973293134064
13062436140514250326056968723462679414148972175865225769073702203838675995939
24479752607724707616598499072741671083934787193955718746994136931572244105011
16029430674514843070444881225768853406025016078137274886585857997618996422736
3901627349214139495831210581716722860516405509792642530995952717154020111284
19866058143643473745964767631614447227185296790098564243791501340108628005097
22897280018168194302935701985596565659741527769977130376821278573086679932632
8415908214259782668333102449851056516965225898001695023628391221435974351272
10388646934325080315560940790577901083099002611843638802952206306478439837448
