28948022309329048855892746252171981402981537383894273816512899164258300594241
6046941810194465398739211379712748911334952487638508948887620598790839189513
2582565740724142281090915945573515447553847947752899340204292994638446944617
18340080222587560574266450471060060310375302010365287008493664252081775199676
23149590729458256489777544660278623745304549102093922019853383200142187532804
3761620603539475830091870221493556123435226837929953291113709610102366107251
22294839745039021377708401378282135366700368690297035534589378562501161287941
1627058370916962429356124345152544958125206965106682432224756176387860109347
6158610049670380480509124634313505832129718946327034338946884364212068899952
19311262858623570635947870353799962772703159274266443495311711197029342019696
7662435089027881353477135854860569086937076955216982255578907633957257960391
9727304395049523641633381176094282074697156936244577048349313388463747366456
13070294114825236181431287579643619002033522412305540089146346066275435665963
28082831102615568130799748956188559855640305065574778025045494167831511651067
2501361076304896826560690618206267532606175077218647784482245535594761921418
8541425943069138201378630544759343032383805551031275781725740527229198387498
7607332791037584408367155945047309555461614293639400786857892218686481426957
4159789279635255112165387852952647916749178893915153993266645194246608227040
8505654239794013039733387828680161301775828611584186811672832139627769978112
14603682195528752428646766430217491658789144907927664679632006838210587848541
11689804610961350286558506520398019008912064845591992333417550190296071597292
26440611555928071588373181983784967165565282584092507975294316574579562913139
11591564855338029863905219360014232576802759696658983658689913996649258990853
6413966859065170510528916852125663480117365105727697542547604726740515518310
3992330899468077649521858094999551189593833545357808798904218502709243990899
8513903741035381281051526443880984805146164594639098984674494872949231064616
9826225243412337370295379046578311867230399849869438630322512627282221266438
7350053533500309153376956505153049398236100826319738206490567857492549525842
21801200112659544056715798267384906995788215333317417761626359254779207557882
11456220971716237084269734373214714987460355423142785247877668755115903494857
12307768673172421291946198102896528712985454015081941926791367802953589906434
5649331858952807086558239392484146806335327545303466396061846874266735745073
22682138790539217114731554635479835980546118649995605979719953214914963727791
15003396770440515951938307575017745987314224550904638821315967666458433017708
20648068577861953837283527171745150377216521182815314242313762064024010837642
25149700755956705135587912386691997661733150925400215022083029497127866026775
2654686237445695641226445658977775207998517412360080253049705372551487857558
5413132228498508788867308846020917765691614346496136021666001114009436755649
8955702035383609683722337304987689395251269399997136233633961142118564291561
18465386570222797794955306393102719550445871129723599576460298083385594377159
5428653004828580231108160361491760025113717093995266175962066778953188426712
6244498358003927884609733331483270839802193302773008326301469082617019517301
14484670030961132324767574688399619696557834946530821805783277513479365418421
5498229162508552878539687204749277451492396112463088594538609595198313397003
22384809146704559421283679201652440143615644077509229310033271837709282859231
22333823759365425036276243540641362156758111579831598120085289265046379579101
3940075412056634023267139133677720083818835536996722917916633275182630512125
10758914823783754036052052047223872137900412688218833671731064406605235974979
7741782031837911371959112005988309630626495098765982588520498195773456091736
18139929532241249182074252243090476992021132563028790787375405570131184682756
44134435208514486289647344473351788742437481849480679006030456691365717735
17431200426811571213218110323155721149901849556253935638431126132651606680093
4497095269498892525867181771840946051311140490726235075744103960814184147844
15444549388607994179577856458777388386992362119633824597081441225989985098753
10769970580143561279994448362491830375527717068755622150393192232316464093165
22326169051511453623491540553110592860346507583577968961540807911191812428643
28145845029974321711573905232245075138735690874581188089201166008565848765406
5275360677917425334535965472331346959541221165807497661682286184084573089577
8104409010332503393711606480609876145285134699031807752800625050551119643314
25536465118008804324917725351276684621942018745404373543479940689826968908431
27283415620172844415061522245987995235869261873205948209348788321033322699857
15062919528362449935724645811506353878836616958362482851073710457959616917074
3879984425056350723278670584150765461206055734579451558072227347279896584984
4772146333915548384085198030463786447031824102392044120789457486021069487413
21844869978404194055199466509448019484193215706816010674307215931497546757125
15649642186449398939378479978189825141106220431012237475954372922025848009097
16890162390434607222122488676376165888920815501151886141048362432576413722596
22633533630601189702547463103270701973102508704206014757167161407260175394253
26858419878252075046710051079965028533947949902998303735073193393019567901280
17200407480315627470348545431330141425406124450927771606008051958306302139727
17790283261794147855561893101620638266767899998562164308018500836506673118288
27609624086903097832336011423035719315060397468313123882761891072239236878490
22822243376382837883588766074493017857557017593946816362226557241338814164741
5755514720244012847046679334509583916662770151338691925752509231764735262883
7024892077383372326905396822012725059442512067337425012566071217074167427983
2117250055146288458243332727887744116569453820438607435331846189491893441519
7998691809613264156243419079715910572847252322114990285963183226704686916944
7458094687488519818619772859055315998592792500524588689580389415847166569193
18572536451253100774634758240628724156220147127948589687487019037067727486984
15807534625399403868082834539293591559170672160658386530341404133119594194238
13524443070686560975215013437592678008736254402068800935717655645063142813994
11080210109088542942880803384068965678683693201426237728663469010472969836562
15507615203520209198767237138549962024058349892377409129498959162193782606897
6497601786548174822812954442782212417232005932424078159710284291315411991838
8804050633324110505810264691166063381045906542437919122328257632313635340380
23988552158351377955171489919057891313517709795518951120634213620511458477498
25563574709979514236762789324464534407099524232494762112090165969918731503523
26157666550983234456442283301145547100563566097013986896915416538518052842681
19318351737597297963945656764416125139055806138767007853008941242555789845356
4591209397030714984587155096636858646923757643855997850054941770479542146857
10144563877291810528644492988538617163090813416749191912162796759134425420065
8017476151290518980133576235584489089048849809358047862565414827726203223778
467372523586915345454555439483197704094546000846304215912849163213592018761
15935249330151839274113111996662440640211786758508020618004343541928184833238
14057765226971187640596912413312025837159288592893484235090386869226362027359
5648914471411599248196695395135449513304177253642067323992950410281663837519
1579043522660458056740614151586781239140902679705220659189275810921947177919
3316769574269677295636753099174109330456417363620152801461151985675573996597
14567418822901162023457318756637524874804019742769918831506109923619505196844
26263215688082686780726036881995422081399292530287340259841328693408688326728
5996295822158117547121414902105236502660176485689567356575219862681289476241
28199186721460575759327742382008325660547100575096291718350306045836672473092
