22773830049211559521051070049717223784714790496064433400568379371813133518640
9220373638206501476252017945650516953560660793607680093226888534420962330854
4320735069523424143296489077827326010970861399853682411629982728641848692785
1954928119678688868745935119628486783544362953676343871687398701803189991904
22548510943663764379037351505009580107052468197227859515991822427614812269361
5228255652052464626428941155452647874867652492006846624641500624649749023149
9107811384054857936330385602801844020758325787283659598231541710359003500660
12641140868160626244430401927277217453484497213518964853911037049854926521712
23274115791254456378379160447314767232178817748496706912019855096087348252190
22237395799248433309426162007814545089832074128930246087180047395526369472171
16190088526455503582138418460739903293310350267477010098800424911690910206919
16379685483363916824730365367367539290710494635823571062614897304766041646471
7902292413507490835446677992019976108452401236066598334991825686420030742932
28894157272048065752092077031532634226570588167547810250857000629233172666781
20534611104813834984623478881251758653038204884456389465470561571291502804316
26595428496239030002388636033910940999706104407331800010783698419749243980593
5545355190101667611663250960920044776748030221114684695565500765497350934317
13538361921533840672953811624219278685598372986039674275598910276115274007993
3363361262062712770061275995852136760191042704618444190435001538159228244929
6714637711737499898621884574660390969700391580990847014759768034110790201756
14318426436386717961605856452532189011663274731908348842528587774904441805806
3689767983817623946849946441785589740319577322076688553898384830823182932819
14465767109473181370758711555365832488341035874666526851505747269682761663973
22383013220331685681093324317627960847934061172458075474886474684372506212566
1190348909055719850922329727801281911727715849466262591654954317424853028220
64336768556683753319777523060005659677480806565064622546815524336565205428
5183856338396138414174688449644752514765988267611201535038732954181772909049
10106124471384467755433852252415425885334977700343047644460854578776953578796
98651944300162975695140881460780845225105975811755721644136358250908610873
6664423895593451124452413554547418910000294280649561694604809607723902350564
13872495357152706339517549853504187396556188513247678539513814311236622495516
26037538623281481005080728434599390561455709216157921228372412241374104610897
21489109186554554887551979412137008688413017402630929096530530392160154354689
13179744537357109368361498634842804814367319299585653831590897733194466576637
3429917114699897129869177221713374614520696473925525035820746770360252393627
24048303436302407652505117900689317220424558054592210029718801421601467126060
26194638959844251893868829999837104746471268291131308841068212058354000697970
11105958924743286967393739595982097400258021916794755831671426035002902271857
21034023746737807127220103374236911372034875447913107188177522613701966981441
16193922984507720367040918777429550063079376178914986067121916632637810617848
17059847199836155744012935472653797179906329916608062327668487043576166211391
21656463790233023752504363111953026456173936190946941125856268715101389126787
16800714970773029700750630568716853832019655005914249236725875711646668859224
23080158377551167136485431799399074780311407910773416862207339503102740896331
24942098144091139055615469873939108629974821896060922149811043490606439715640
12496361456563945308205797575937807540882902415036969363832064078255147310405
6169679417679902388946495796365340355835657967635979391853021882021900973761
15272067988602189866376825210643599596201656990890995473193169448576089634144
23154073595910838239345369121617066886781303592502158241443979935967225315865
18122382124076696565405901017598596991796597673529019841210275142930800194882
4314650696209746037743435721240465594788163643943616869370468773277190693932
7471481338319102726355536251923479330225129135156608760706544231249999113145
3482886671632991396342210629767462011958533504689050969345923330980198904902
7705850666596837853485322215671621215573423065064506064234370212276431553534
23974887477272717585814446304097579816310802944960875504790124837146991946266
8726847589922375483445637092761847035539469906884047557023269208064661861306
20966974300906307880072341097705886460686705114732661593388240776492267794547
23789080623681886663584553716966520416226298704872549368789771760023683371348
15423569413497458682554911262279461239230643592501267909324184330913188949758
17915665594534600814257344682795565190204280180583109648986004742165060484710
27649041494972288026391158759549783384794028127757036374149450932121102282392
15014231065149998150103303488208082117822992695467240452916235951105743519712
4431793234195247717241642172582793831637329351234097851034568811300688680441
7422556138357599435377202083762248491801891361133955400115550667962623665505
24660033514888157989234461444779918471740648168677902840208721548817878408008
28230208761803101142946520134843081600015459003167061424618494329006536915344
4902270722279922974585607199499820959318292675204319015347613238806390997481
8837578960149797975120234109178670078445702538363448269429575618608694159614
2358897882910940853604728655701588480050422312359198989509880147620792426943
19132937479301825750963800940859595548266770879990911202709303369412263023824
28934514144997190070948607791331792088243707680709001116295933531926678845583
31143330027204369453697025786192260834323447273109856620219226993319826810
21103973088886548108151141560561625058062047883033754775690817990303554989191
222530288676875421352264706371625950387983723845325041376350772425818295888
14568516337273555732386713872360614147839046033617602892747505496785984907628
27609417729954012208964460537832065928682065728078793531278385458315747617572
249085159741587512974876485881970132810264109833748260682318925414093935556
20688225062770802058212243847675448222439863835504527863663180112718719797746
6663242687542447375725330853681480512621930729792248154105944079742353471387
17876639730384126690216198283980242724644231411282294158989899068570291868150
14964039725480270182049493117542731153223647334801204516716115234368094275558
21259720320057144177620474148483284014432896766059463423128761403505679339223
12668856199707352569010668465035282188120279765290058023378726327807539750607
8178797118695478162433945216070801716402645764611179342413339596843509046161
6726652590399442831568805549286443341718936534216561165075654925228304455015
23418425464500814980965044775456550129816851676113994236680589269705067754223
8655755041227737760777908968311120784431998378586226235367685138062649327506
18257379038035779611935636524033052272749348796092798823218657405822670949171
5016147264665557366121058719681664938527192460815187783681788782409496394738
25757651201164003267591145073460174964952403123945573040042009221985464241430
21416506935222789506401874378689630526305172393652923048444884539150492942492
15365656746779761808282982068574776880972618535537736768348891818586205779079
9785122739485694856976348184014610460643281323777892655043241634731057433797
5127665545595900099589152720177705945287420383976042380278117444492612414844
26186761893806036660810210528634075611915757900206869220340569481051136237054
377283828973702231781204182687619170521716243377218479735470577059567041611
28011410951943139947131468715048810575050502941839816752208455454287939895663
24204639161277260159566543894890292257671624660857133081085967532674845359634
17145770701184276270484874929675525494841359528554191333039762102816814188160
3310977031355866920560863305682951565412055105736457045899082239101954607447
