170141183460469231731687303715884114527
170141183460469231731687303715884129803
28948022309329048855892746252171982556538761245875664957352818357952585948181
22562292743954221516990424928833252498140261243831842002347876570129901709153
16111952463274694639773778396085745466541191624941142610587402991468080814890
1056178143603264027688684092572561003247322138242428088185419764415994600876
22134539740983738118430458462814180278839941055742338869221050666700295794439
16047050947627894838161239738705036758668703410189289008195837371611508734605
7309581961376663992418818747494180333183365807506681322061690948644050387850
20324503396575606457468145573007982660078743263602038926208228615062546811333
10860156894896279155317324256638268847220861130532833138395796897087811989393
19089295589626535978630514262111688417957657676755316782598438089379565420203
1728747426072319382666524804513891586401846038761649154530955643112578430555
13400283455235953865452530390381931432770380831207404544853819718762855048631
3819995463835881483511941909313730381251863279319414912162896072295708643119
21947901736602094381391197200397847973457031484744738649942249965020596825918
16501430764695663453688347790847514580551497809596790742428417143380857874995
8703991806977078959952521929547963468208615607503742294768330569298937486679
3194945397366893881400682945451269874777001924186361700777120567977809383770
15872832498028821053885017581956368395055712832944653293986815604066284723123
20509333344115026532081922957124873420892644817960608012021764470217971122964
1615875283180809387016213840095826038184633152294157673158445525887838189834
22222932721000939967848603936679081249830668540487344267945015827954842282558
10720555343723194922286108212960229184905516985387232285426492724888149020845
22462679630032986460844042682980329065677538991435828032121193265499961573738
11139379720533320763344165254734132230305954764933868711536377445718040150039
10529457450371415160945516876918749909252431357127750799297357156211987718355
25967186255455528688062996462938122484344245739590895632293267644891892959528
27128321402275398803919915954337601928394829830634065189959453634884036095999
7506102980330337295880466110790868588933294412880273110178604367361511671009
23075595586435034650566857978189445371044365363773886047780320375199074390126
14159419188502536082594954110893321442754372042904503433561952461054446686726
25873965485448745014373200561075095096720519173304082770046730182862592814627
20271482088586686558378584346874794196718973339613164790655831061588776258769
5930519844730940908034425749122464161347792986819701643410344962635643220833
162299379118497453013379719406726210291939735873483584248889222037588540844
28117800759260555360406201878324404592780192725293766940426790108692594947128
20943472590872167515424888448389859296001649103926297961410942298822453172489
21259951792119748925703331963764705911279188633691606487266911618426085308246
26457895671605371437461645252284483917997614966754742711539343639977336450199
5370855306458972753864069499277483214079362374503197028772899371211096447425
11299090429558162883867811543201217550713040098014873328368740499211605586971
4945322598568789287958903321813991265631704945000292697839009201172082200508
11978199062383782362177249121733342482013290006067331762167530518211353461484
980250231406218158693102829458609739569875299027063570376606824899205341813
11010616189387127792701425127246639758505352606049086990135620496154320304903
13823041909300641216211129398163727294338991304907611595436586505362300282672
26697409077525566742413788218151702870599226299987140243462594198348469608132
10484951484515614062825081249225176458984941923624591640395297010887279914859
2253619829337181252598127793989258877985511154176194958712954053468314498777
21512777355416083889172329216752476392373541694482597278432513786199947354140
13628035883537784025833659715104111450728884694252072764234429262330922966764
9792943512791963640648614986614219927403182703697586238387042578801165625943
28917145487367513901238481225141359635845542456324356868438349772331015343057
14752370141567341726269664479115963014701889328876083117244430572845167572176
12786145960745065732017643746819905818877744310614708821920061010948080599617
25813540177989182386782929032294469297980147743358738148246495492426177172074
18274256626700537171340125153467840227225577212875260514348553090435585163559
5876888195184463869221526151469195140589272240875025116778006237150556596530
7813190990715354223040780282251703963591797479417453965609549145831001345494
25370928900608356107120968701706652953983715384304994086837464964170379711161
22994844591771314455256617945115377989777774181858602254245366293066024529865
5996051132267937353970921689290370102776194592572023623520688930679471114429
27859777102050019177053441809457066233801443807723691404703108138351942112401
26047739661094904858393834758773618358978784798874640355884963008036855342981
13810469472159145524466335417923492342556757783080761602232307969821978029925
20698107337550862802262492056892680151257074684969770136860696798974093617083
16016288803620211434225391251974100415559203220330232694730328115996181073786
14019145176587636294028428221247744755665132262229607433300502664847909920150
2062791156781158204006929137509182504804142152206608982029524170203198691973
26531566124577218217386878888002995274893497906071160924063536102724097006073
23097959139604299962192586683849827977514600289343556610202880105220296539954
9093757981358727912245588135315306642901716478741739504082277752885494434237
6934280094431446765382942859552221217141057677575616109349732937369616687117
12469037375253283283457069792821374202157438435164479007288025990895970053567
5237197993893026481520091433432419864799600315558455732471011533813055696887
6686394270472860406221340576829616336162921270165824226837085136136014627711
11841574989275964598019495072279911900758651855797130936350810074355437287083
7624374247437810651802144012745851451222111308518482292252733429255254466231
26846186265455839976645197795043535117149086937695710523952119283586369393552
14375114731298739529989286249804729947980716304891309482412223155138510800883
27808942206996734334037156242897764944056166062153578315392877424879854211217
22893348292417929611585432306345127804896613224021437340543007447506409909500
16152098830710748311193186098919192176268378196868320283139592311866199901349
27894861627319554999885480284563908278194615841365808629265346853763351207628
27635658596370310466645442910654307974636210280514593774480390049311269666239
16671036282002912424813910232866252274714694528226297742234608515851598821532
3503680512264851889970558441452371749804433165041124203346432513969082129123
7612044781839392285901020464250122644797450745117378078969653833495251987383
23299789606972111282217387831708375322998182460749536347127239691155303403165
2575184296260338919662641584253811580306745295296193080783906739472625098425
9140157390260648302528359635862222414769939042838030994407281798991891640233
13779909971344887225323051796670089618147415318116944804981775677760277430792
19510666019468895495330921847074320954705104739551928747196802794131850030319
26566808048376162612951126887797425164669683837538279657674697916410110278010
20294803458007258911607024130106755345619609107999264668541667033500232452383
7420825491816324461512743965550164730029871704126295590207300387639268350284
24778448029574303103918806114179534588268946138302996113573833895472070784565
21000985202881835500845232118367956856468328405765383845830834212585484593353
12896928460947611281831452563381398891450262156752753806141395394310191611955
538853735200834396182042476331592115339783034809100801666478335877224304192
14527176816924136870144577318752418392857952368202209077159721533678939083650
28371383168839101358185327412713121471820873076264748105279903147922995649656
19531443650376635722532026142465048152136917394864376787056064827172841803596
