8210354828671758487334849092929536785750672460691525652174721638535913325711
2953631633264617971576392432990615524452550229666381768986540039377543308349
28042964563631784256026540172143561669572419762025558531175865647242336803132
19980884378582434719989958356162511142500068245979772438764519924894183685527
6897705507134610171174645720566593745436603087333738163519944614267397273030
28324839843594683112136203515907275481343020046196606485404714447256812414358
13311527246056015489427223737899575418272549070013384994573217750893772616157
6060589602430068849239232768008765188579720280435190235016845428124494715995
20024157988430955519410000587108121574828936212061863243223565210741660382479
12646797247635041272436597865662271173596324469138017917352848577541518150820
28211649040618299547243419158267458313783189553152619911361499417872544955893
17747174014905932211474310973531841672836067591351031601937168087428783499131
12863116122382199410585443191052154227741024978089634849774039266139461947065
9201610783299090891188003466704382620131614967164841060549548107472656168240
25819168189479262746956407953625594060581943348779261619934429824143909990429
3850278203093080953592590793247472785048818111544097876069419161197837544575
2931404266131119787882562794184836751508245821762656874538124593362386082583
20440281034108546674009134039031403436050463808096216748257918530058796248490
6381219307592104980034273673317552233673828435809324516721829825847982888041
16558677759238992496624427126193791648414090317074236815462283975338981383409
11495123357021457676256030546105821439127937491078223468427084978193711008802
8799618486959986047654759569047620082618642367338786035358658921032948424622
26934118865128147287150482732540112518771417426440728017457466706071556949719
25184036471932651855222049971930157787692980805275018948112984396762777948138
7702785052172292272235511962674516368811415624951890211628905273100229421366
6871933628020239501687355760278737822642310896998503020994153111839716340135
21755693889907322614739154645549774116868360041840662857622166173790185357893
1583288474260030747793797117217925876203842565467380417091776766977841475972
2451944661437895021914769016462276119870245359143726735018811884178339641715
14520461255380103171038578092861679109961136155866631459656869357106353321130
5118615399880787609551027669912416311039047587910839902731659269920401489630
14388131150785566339240472446837772739413241295813656121475952703099477898206
28379146318864427736116647424460848829725014855405210557416088263249510787031
23059583076865243894034261630887965988198449959043234252951371872220156773185
15558491389097273979940773803701464218196212037688967862707356395683937505694
26377174329389570509562835477827857325292021646235538052391343209553503282678
15288040092046461768994618980299900095409034629075000382306446910718738670579
23714981474643554259501969464780660410898630309381056152962862672362772783361
9578668766018289045335042293302987684622072514324992473024651767325747703802
13751276564265564574955659062864692767084244958584267266284302419671994590661
13078327383725213280757519515761456946636201273085784758987648544675470693304
1099058370684990079543462170150595847094930602452701375300267374473327688157
13932098910564026861086945042646685971486338166758997647513697186123343798780
909317136404993133889960227606312020059593462872194736589702382821156725465
2517554936939629925721535096759472582544784970779336209874729481640344744755
6285612359173557850657893478445821037278389751133229244845166602163887961705
10511834110933220973996526838977342628923586954021215865470950059724873321693
5996364401600829146254074305644331160829632003644784184380503846642316602200
25657294352717971710776751977447184463206789826870949347649534379276595159669
4503862981981742880488742099322356495975676491671994144908810663811848780855
26008657304433830180903172812056707005695390674991643037921172365394867018545
20432314153092347411652956662799775726211219618944865971554992589860434753177
3220058523993591864059848843940295542823750160717628776406912425844259240285
22429799272011442396651471470595935096937171989755743070508683642494548727537
5288797974008515495258944172788840253342550598589945149719520324246372138017
3517301490948952981501093545059134982175195501098326556076336384301320321530
4257950868565363769694500499469735357917360410365037148193394222348056858041
1954188975921707809288659189310717784838823075428255565269975291831716088376
7670356289753439914514754353265224386773945787864023095644813924527883793065
11246558398148561313283912738325783933618071747470020954071703327064190669723
14471987201530104449711758532009518162899120898210219336750275017536010884330
3425461474440563102757178913254858282751616473602999470754724492340373085411
26230938096434068807498585001175653830008243692941472053513182308691882320736
15236316466504145766650086134529169613914420799343021770882861104917074949670
3764153368600714997984073377764036330690474898770537815349957038432822306307
22339295734952450943234908750963111613240131238590168813796556771297580385074
21213354499823789257286470579458039040344583414307079212648198982730001487103
21816493042100532309751978724205055083112066316202535785754567172398853057719
27302944998477530128693554446303429429363683355811508971106630317026288561037
18954478013578178569789126026861954049671101266675585524862670630564540575990
16160987685892410515044594131937823172832975554496199146692350941469767743862
15153476108329129804130370025746160671264247403611140320738016554152039309835
16470586175403266867618691495585832689802340093155586940425778117152178757023
9019460308291510154840134679267857723629208948069684305164633208525727959592
18375987933720850832913192784474931527289635067134918818300156570339016492022
5010887236391038092007612227689234100668595808414452688671041745358962102313
23980551782861548782061077031297097559624050106287494308829398189943073603418
24256954442830426304360593005220894394489020431081673024382023739830163906105
6366139640045027888163274925946467396031349814875946280803263341854293061787
17792308800649117751150094936951867721397257313555086080541758122474333736258
14625408363051077669364043460862188049262699160804959425232884440825781699625
13487557379732606520202529351550609717535554282781404990564185033249950721415
2226397617243954056063579669673918518326107739458252124328713115204688503005
21898969658900986700986068150687200247106192445563790665194352520191038657629
26978090932951269883355950670453642557836949299989482049663100994164239642197
23050441455977359700687444668303947532208887046885538295332942039856205230946
10281035500969276687990229931302138419757991743435203638063103214649503956571
15946216981249341588478408790290457253257145255051657169736316627139922510883
6839823544113732667454211488691207922730767219288594123584823303940857938697
9930599377726789575375307657903582952271328156585156233175389971286546620863
18659096248188621034151396782155589660792424512706315190840372259052553929041
18435374855006915532513599475434155004614495328178599978173413129450804197523
27963180933930260438092832859690308638177634087988021357453229117707184910484
4657581596190129663622956753374391593187053879822343322904086726949507736042
28194204902251062117331009392266843125167540023507473475809253336666548859213
10407159704024130297731824225741812382481958671149696289514157175530092117016
14698288438282853448707050005740252574826646947416951298880375491030303145053
14526836171180248013342904424016874470987461483840487849266741278035003696479
20643390561023543173568672189643161300063923835052150313728723666763866769480
28295206763530621522913432730993450429731326458482331165794569497344078535982
