680564733841876926926749214863536387720
680564733841876926926749214863536381240
170141183460469231731687303715884114527
170141183460469231731687303715884116147
28948022309329048855892746252171980233090759909707836429430998813839117967469
5978919236142606547650399213717440902551390268385239648859999103680819781761
14144789165355500474818748429300092655497284588568114130712828664483351394424
19818027102719426080147527137338749579473357189947618177294268548715395989711
21752614867854056858739763033337007608385097774293456054328120442824941591714
13544440853512696074532049916649780848808990214763991032323491318280977245371
16276407537720737876209012535345229180063381963664359844226011609460337998191
274507139595967366729928505520445589311021906994558019736929838558126004792
25889887864954743801888510325291030090673134513012836521463984607962799071724
7424269111068170409074791812174085026786778595909853773427635296482550451982
5395736333147381820072323568380117309055003144790659185508167094363430823802
11348033959937037657039288483936179444616569627522898882550796994927286855112
4760794146254684169821140440517250699537735538235023386600185413733884171344
8069570269586041125632046766796237888076339185648882667922117973839866711383
21344749869543196378733204080854056436469732991986609953073698107147202020493
8116819656687913340145861269680673826698622783804067453293547654373203169769
8217143676916060477018237280420060016208486016475929442204751981185568453211
26271152592677766817787090689105957235305602388079804605432357018124079836835
20965856592142224391298065313607644356348190075585290585504108601453958803361
24403939784122146017920131027965488060444572950388114550358759199665173802237
9217182013056867206328176800071423839100162353912061356018555502918552823601
3210929132438500511793396016897212370793970362815826495501457326918967779939
19138993358684267557942515676737819854653056036614245069718932496724806176709
22387057444172456838095373573457547429900513379491084894997842569374928299909
26434723344059552383258022056007299893427558183888252989962841061983811426937
11109135318672982984120376471748367289935127884338560534616636603668755906522
17662038594046860866800291808108395942087449609042528632927306866285262758232
14639272565360914587522812632765566355152956476419340263476976933735875709386
2860359292853262288020595634621279199447491792986120213176240386306641999731
17894353820438256583954182949619861871471760318864752979233241710909152756910
16837643318712443044348287339733356450555696812807125518580105511283179944134
19778476211669821106469653335344381600471963341088278162510393289496757740453
2228756991748317059395653768993370346562382794655181558095979771814461718168
5367243481215372396135824364203267056429848515971200951263675506765171037431
354250843016623926013615194359743840916052618071876022887043402765195314921
9798501801089784499066936134977021973799026272679707107500683761475356535258
22334179004921607932525662911324066251464598284164267040884767849979679416635
15667567826466491512698891156298150434521397024618687853127288952915729004240
7030437146778380468393757681147760225570871124052770589618737828582201721459
9057214446094804509488008871096449214177365489235618822719600069119484523602
19899558883426240380024535343921507242729185815114624197880661533923103611062
19112100180483074760822752779334644398223718340089370612829324100775822618415
25539671774510478854370849271689651054858879879003829676049849644438098511108
17972867028627397188250212752069799376473025789332401641975368679598561606964
24454656440657276260768010812016521641980869543985194625396615044677639657923
5855676348719544630767942382960617313600809562314794708659533194022046868174
16582366974998367466786105053485805170995385710459676466587063551898103949917
10705358196521455853849423465350105416896493800127963603925515791955809531764
13984931095294503807638910929771613321816804260209325260522637608145983004710
6346231858467995768660363789186272615641792082293633545791515064925189151351
2400582949385644359782595507274322276526152011761033544463024579013103227457
28656985058759621136126289135762173931147243216779552208694848139450054667096
23448619714940501861255761549747379664841695792872500313752193912424198058064
8447972644860038185234150855878387220956736523939174351014823985895728033377
13472372562430769995449647252854440685011054220384324945296997162275169238071
6562600623101005223202965555342945934920473993225303620842145783280460653618
1432798796778230926948168978662201214076936539136162706411261381467477957169
4306461391119393360948140482744662344247122049753366568995887407672104123748
4084476810349950786826371316620358098435415929553832361943668394498358425499
12588308745534399500963342981828338987650549720538218132512134923315550677652
27672799757305071953262394716971749769413705152248064563290749492397357810245
19003369383538705859485306138075547061162866259546597999130005766020379582742
27315423467688175304349332839309746269583697066284898462321732342080640825554
27814943092244282730913123892632373187304547741008970029084342457915743817164
4454191359558473383437114849794590152490663564775815694041341734565322955410
7331702118950508007293287618062756652594095981669625255951341513939209849656
28114665422708288035999099735609133561467116653506614025949775965562902470356
25697172861164530031737538625041197117859470877153530360585354159122530785069
26455821023826975891479595619694629244380332585678794981486540465857840902341
2321771180255948368762853434549143058259210526823015079185747731916494457838
24416234841097836281125341892994741974302751049360651517009133229557949329285
10024094031474859991512350369189169942859036438140622804623615327415183926759
10026372437797057759913219251053618180508489836918259025059079850876354296125
28882690053727771198789363853544801019002499307860186377427976119674383749728
1706011216966711520320355885408970320076594239011007623992650455957850289418
28004469660970071817090943424293609988068954942553043965233820229426291392825
517746587101314103117590021476483446513410516336251460660888023499075547804
23616656961486586713154318719341378926379512029526782707468798170460313167728
28144310328422666738749420036301750970329693480995419225341801110624926580708
1760326264037376242221269850559975223312320308363500872291564474741015296598
15918161032265661970334636926801776381322844075842550621925120808528374341392
27009397675301972006174680652671490999263980641299803587685835522270138255432
2640122349143847852960081087301398104701112484943180143232810896709357129462
25385563229945603439410876493679462082146412297888518335344166934178576077370
17897973500825243526506111163797963497410183330849933799961864697157994917956
25916424304662863148399237993182295757109504228051614072078730854663829665723
3353647073687671282536947846612698467474031846894189648902951951777438037996
9457764466861328120098657626111294414718511917221302629303754760714308809711
13918144386668806678003495713312301820651157647499376037861874095956912990402
6610968949372189696884175346315398145877046192970349264518428142232510800601
14857227681578433391360071819149022045248188653664885414127916596922616357581
19555872383274503443626369740239289331029132001550352522063833943776654337732
15187462657264005939494260369910221781221518650208424720220783266577510013843
9400592162080309802141738158760752578941030461638392186193466506580625426885
10712091274606757581430737395822819880655633662336760081032904482369581558629
10972523379814538536792309272025693216576174621562957132706233883441927588939
18382041327973511105917492799064381562083758277172279639836507765972541318207
15429446132593690887879585840442886256625569540782760253275379406200756890088
10614866738503374040314893671253801692842076339286314016926584024489296974923
9281927947339391508373694536687412060523379849822652284706186100619618655422
12499995458220123369382386976414161242531343005053294992485237910711583734540
9159906892295160992286236862313768072726742656576979099509190405068409151671
