40633
40077
8454
16488
12710
26783
27559
6096
5024
10316
28680
16391
35427
36658
38426
21682
13495
27227
6954
31897
32280
11984
30916
38315
30459
30244
10501
7603
20190
8316
4188
40617
13974
744
3847
27468
6823
10107
35414
36316
12177
23235
17671
12895
10871
143
4912
27361
12089
17133
36385
8781
15666
21187
29269
889
18874
36611
7878
5921
16338
34366
16186
31745
23940
18579
16264
3453
21033
39118
18686
6126
29432
37250
24261
25411
40531
37511
10132
29470
31545
29695
19903
18253
20571
14128
27534
12200
29239
23358
26259
35438
35821
31924
23204
10288
32020
21218
14832
5401
17200
25473
