18344563847090733273308228096848915493846296262180418207594428825779970357915
4454041414802324282988563280667762865478048521723255042668877163363179285148
3066622985271355564343183119706581252035303804549721764305539393096924265126
5420827471313778261435841239696332846275379622488764629519662384529052961920
22664908674940975679012865538465748713361975593647304022806831765614081647331
26177514794936051176545419619462323793157490471076852643989359351440330968976
10948893834513469582471526130377615833595218207010369555767383581025801781679
3292926814780547999308385806329788111701398985139417188506274132576487016095
12995273799148770403714855060894676261548061666138545805174394013718370737148
19110770889047331667904694177803564506338049332606772517598131251036098134635
12025401898028029299263184110256293678181122774588509659977637034644626810014
9503928216576828057770129822803343451252495153581613811774453670788917534969
20939072734745612831615252568579426087722082190898437415612280773548793158289
17063537938925724307771102651926345836247686588940026456791093194932031702154
12968201487662759912651076755191060926323344926338272105530020584375376409105
22179777227272410560439269770196297945380763490761219466578767606565531649775
19177339573140168332889764157355511232479808213280807302009424858994787798362
24421483636799405907738448693286473013728226848853910123292011565845460614565
4637402608383963601145184369918899559618978533878814269849896531105172871317
9604016169267592669647153751231658343124898790449179881504392870828336317924
21207807899263543842931794198610802861813589835042764192284880385926969495843
5399974363343893757671312757128568923285611421807330508090305354339573167029
19220454589946235737505477455355531676934230294156853610729407892747422634624
8128774363605519010412521798483026278652848604569137999183014952219839838141
21515183759216584930147143134328654568514069044492798963527719758824288330358
1274965050550562956944353422132881275359230657825935589315134658865601018971
739710167694420480853088431737531029920283861877154277702564965527818353501
20163686876098538013906621317347540624386419635795731312269071583280599499379
12997715241222462549105394771456980089144454339404708934922292151263760941321
9232209193658484031785372822600270403478316969338664531126206120159746933726
5101644993712591029725963909575546638910449328251896011003082849237659921013
19513028095573167568323408529596305816409901755953500525810752361575602344696
17473754559788032105127527195239969700603877918358023465797392003844328317365
10469923101291240537779613483051353081951312166543195278252897211384867951103
5500696648519399422555509172060435963882458780711796733944689072209765729763
13491408225932860004555032332440265863273443430592931881591542404993275931358
24893318289824810072370074195735268312922196172660595788137217598512759066382
2122614123225645611912985288242802538741065868133096735721783194415532346920
8903990293447591697518144936848377453075735039022616861793893136734286663412
25974136664001717707172157490408849155447613769037966097156652857964038276010
27410780282115143535375497236370340161004260824535968702872249649869829507860
26946343061151981724105473114709742679501565788538575969264212955282313957603
3247086735448800797910279174347961585175729708830256044024984921596251326522
3360417528152752666332639979916953542742162647797302266994978362508801048777
27640872643911392666437714993893089225440691942569837453887497167258118628643
6334940875156214782901184640524124882654163617648900003692928469539490637940
728655326270239492587430930285353217078381284968226359567218761261249571972
26627853209953340960384295939573669178257280139020914769072765482714348018785
8434142893037708352369394583622571236677364948327626427225567632086497782385
20810727724776572353240403548405565007384504712010238059251334411647596647590
13080362878644043919726296127908732162599420419476852162917891732324671670078
18152290188856595288951719144518792660538607513722570570502699220130831797965
25866833050454225098217855594241210442477493176059429376740043411804431792759
9295535615274124653728723140753494972781005038774156540211965802459055480874
11267025217547719208279268488376496992558085457119588247202970802133652487004
4858245155263258942922790000344626382614428161716330740041410738216260667385
2089280282749129408420285244484119729932606003499527855396954669948736309484
7834354890622758932572008292799695593089812237877589516703309916711020211919
14316910930428687262569879540004048358578310945659076751012415328983654105546
26165538556484858400904728152082316038470410093549116797762002249933642339163
11369874564511364453125952359944845552362185850312272458167252718937771204219
6514323671026421239942893861100526577282581268453720250655213359923376946631
21945050087154600922731057323039769023892080438999519640086239505902506033012
23535144118525713373253811167426280607688625942013803949384726950560370752007
17440718178182572429817971038685485272747030617177209753610441444777202131609
10783244052635108483355495943627100674733602848208748270279991194064475878908
15084224146365569514570189610442419446805867367568710112200383612013783805665
13207399995094146036792425790580362381592671740680341528490689185084579644895
2582690038033964203562268976767677447631972019447100149404829309444225595145
21078626834735532132964502447092296269175818063291490766816998059067767448452
19147342456363169865793966897136799484256860113147637007442071101483359566300
25700954828429832999327504459117915070519611692955858041810226461779460572199
6851172923333126088582204742693655017497466607745080840079076355231324595897
12217505123520242062663191587407836091708731466453750816293446234582168636234
14189184192565617877004569890779644537356684594701344619094360063272141110353
21063916842235567497163569930630984246934753097731092557459743254418923987435
24153544373083144931197776331116491358583771132412779866439390317387906419852
18208274741924062210180460092055436900846263363245773236606656373260264215262
19534236312034305708974242941794464431058458679605270720514344844471524132302
11729445386548328474044302769608906657772515103267139337015985274773458611253
18297075315114937745823980573534206367375220863701507020610689637003900081135
4647232040660944910621040028068674826523349067235570559108899639347016465948
1812276931569113263384029926706046853265006828027548892476638897208730568308
10821037137098050490553849520666522153238718052948547724400780609083654175227
7592257426851611050016894123030099773193231034202654739145633171931252899843
19846597949070918242988251447911568473872589466052703757425791397899492707885
7305582026399172380338161860489307606362788701985171291307400753704172021356
16168770427957540499274795920292484453608714103395454392760447376068548183676
922746189053951022119660991110356053258535756989418432025326036911996376403
16129053852418103556348554207899932414002980978124915765551413106615465857370
24946298985242665096018047964094178500919313201093337185173351052805638095275
15805774916263799907996313545921741396902585440326634311912601352155066509224
27132929525696378660809256718034474568005860518651646336698359103364562977299
24596546779808336084621435700637276637258814257199993990865086641571908960526
7261041376815099517484615857980034900754747374859281208984657692589797799618
24951189194690354758766300310817230070530006381116637487512741214050358027406
19675625269435605087777111563031760319766676412672653660091556151367696778262
580076798445322799787188182181932209381166382285895129587465524749548472593
25294204918922193396824989879386681887717794641995453371432205847731386663674
14717674050898230421831938332894694105199995692341246469542512300674648257450
