699323632375453440872338615414612468250319847826928055916987147774585063087
22507071690211513808127266369023321699660078611126477863351531036840142238541
8559317451264993217461088470593573187366771146260492876776577761643602370192
4778327619144484524110824196641196156518488069579161061689651778129086006450
26364867856702119672863176620667328602867928328980327910734434943899196825507
9022732845959021012375014482812349400670594507153119728472805868271971848583
5820467365858824904864466907099294932824490325014358091380929208311650774187
1173939359703069557254785211407217223944706187440713094277157780646392890540
16963697867015362617525354731467746727811029677745344932063743281288549592556
16669515224817675883225598121093407838690016200025601514773469691523392342228
4342237131145108852989239330217924003090021027722127447200712207440415106436
5903874550553728352968025657258868770508400410416990048521636726010065977576
18328847626439854415364225693217570683452983002092063443857648695999965924628
5259846028826958339582128888149886433733555137657329635247428090017225406250
19481841368839095190540147161873942739757480994819344220216668175874481991552
23157762889722601772171800851318429120866028172461802274440226655568589194043
2276308846843166964687604340495835789811650244147192394485793204996394590194
10194113115737942569336573243790253660025531030641052428753018840428762939210
18645929436609890541810193243690381183772350983361425281681132194308073531728
5541214391989001667604762139716702892603624565462622645756056606552344380627
4511343158140505308088354851505953852680380543902019588611492119817759805900
1455061356277360084989264186997072207723642124359062451921151364657287048073
6625137249651545650514364957357402917426898583790074104414275386134287446262
17081259235669085600718677946811219941107737887082841650635081676769836396723
14732003090204730002728464685315412678931739059417844793542903466395303003634
23364430668292896344877014055462454313308115133251467255683104988540495403904
14076086435454935847466473931024472225906123037860631593451243844037487118083
2499498742700898051897905412877921071584919125442614972847508716186845509168
25587381554289270319631136760081590667926237001968521824605755861984839822948
21007351371633060105288907153475996993030523298532553213072254442231777814718
797215258364547748357468230918523922955214447294051352386990152586730327682
9036628962734995631654904167680128070950995200788855824104159505760934783247
18793777296184433554605236493918267278248713996175622443451648604239956562317
24924685982809920543799445932186078952785471920807835531362351932725797524428
8809669113385439987295118432959801011812628705027931504775856006658625684246
11504693211148994076091127591670574489905692244653405204191571632666163718346
18022225528908744121104528782674308866206613796422891698659313278794692560335
24558466563488902027197409767296547030449324652464819730611500786724297440297
21146860614478895290951890464452007504743833578440081607520741190216300937051
898806884460562118586764393224945074208226094867795753806989170499864011081
345054086337096472865631912668264102513199822554280676784638642498523703673
19876837519995422816869043534558572835608423149063314555447079995096094199059
14509558087597267735593283859876941932232812329288385540319860448816530344061
26545715774850544843640822197642054332572036697021795682140990405822846648001
22474312831219805399589874120379745740348625185609120861153135179444228478814
5251600944159912509680613752600037403049383727350387099180339337046435799484
28604363969104124038350614904779563457506022958871457126577454822394766871167
8828423152829392667405890597162895158828738154896253119506277041779672590005
5003890672707978747414572428259555631869569490509837079372964829806855564966
25757499888007960421509690487693873739814478792524171705533013679888074898418
20967996820054557699471755394953581027751500104691546686149420947700751382912
19754141814896864569233424698052877389076296972443397316024349081945865073829
14327911313459280634217426266927390211487278231863167111832929569905728766456
7867972600860914506608083742115414314121596945028058610051575141549102062144
8328472195075769901640349562303980126557401288698787168132140573427039642330
2265149752435134770785258628100749191580090782592531514645563397414505704520
1165942765382914306123277707337555562214961563351338951197625788174699361074
4710842214697466466477797596111779548503414617943406435584958940057849712315
1400979484646124662967075156927599255343783387998799041060350429932054582018
14123066667062769434310527091159470977200231598583399130169113536928163797588
27426741223992813498813316690691833017418310739177253968516747024232029673940
16303981856769148527614103816010154701917984960367924660815171760074327136159
27152524910591560563590290179093402885305808246711119557769946170279874898825
16993024005694203206401685779778638690459263783384544850459556153500340819968
17782401910328868299968382573947381610167150533590244244462343248412687877876
7794228946896713564594975210492057329406245477946458837013305274107212826894
17914193699606678640060257243558102999833865402816379261242864569692546614865
22830211902571830988909649599824840369789441600021120585719260328422668422600
18716374682122957629933955289005438413667932680735972168255853214349492232550
25784714510429120796320187868000129860328707736839880066662648366941976754626
13966997083376914060425249623346689373549720493002653531035015335036122151681
9752490478266182025494498741150094542938342196284389791433407657299675328669
23056206137590908542099177322851056447837655244685849746100144005965344024290
15512801233370644418707724942138892396536925536872932083063289389838771455579
19663169001923280188238911841562593649817134847486936603352956572681904152132
14503985437356521850530089260820422501375991757235995183491711560255951286672
2717712053027372208709720290067498962970922328515667876738240610686393035645
26401478880703282027369581929162086829464548793805368541645068677018777383024
203456823310435860247443093766238430582865783475942671217974548401301955034
1736452134955727324593638995309256017554883999149143737385398474294670999232
12065584940031828759437572380865933478540913468630292155093485926739806879416
1717538382889299417393030523595224095950098232923014163983651706424282329007
4205585520580759545038218512566356428768179345225655641565600011399744269356
465966877799731557740883407277807857768968138156552376424287203075627100602
21968390473047584815278292343133864138750454756237893171634067831529763224222
4797525064912429275619703604104958816333895125578569668581018452562926433701
25994328255686745388529407373675642978674503077944179245380930597592430828428
9346076033759195627930740692247778663928359184890361976897406187782248914753
25259115763784791221298692550725393672463643118099310832469139592171935343646
6985353683568457281792709189006191264252553861747456523757985509109171180517
15879667932206694851954219465373175172201454185480486048743544446519297451445
6819095440923127499228123791603097212091911596669858144434271666079469739890
15893552998259813815837140681948605892586386445283608437157510521158851558724
16719685721045863764949965550375239173749205139826405963748197583032374232253
16787087025747792513006870882698497557615503215851859701765135154095567170981
10969232365769496169320364833713136883050429740725913924447314634312362992598
25497705078643238388303173391297642572156482966844073374030060205904503480153
5250370137583557280908926438010134004723377978433436575568934910471484771692
10274632031870622940875006803323880840330199411273206868651837254573880897020
27646317149760659568471276467158851387842097545677356129567152309224692370495
